"Harm1"	"Harm2"	"Harm3"	"Harm4"	"Fair1"	"Fair2"	"Fair3"	"Fair4"	"Ingroup1"	"Ingroup2"	"Ingroup3"	"Ingroup4"	"Auth1"	"Auth2"	"Auth3"	"Auth4"	"Pure1"	"Pure2"	"Pure3"	"Pure4"
"1"	4	2	4	6	2	4	5	4	1	2	4	2	3	2	4	4	6	1	5	3
"2"	4	4	5	5	5	5	5	5	3	3	4	5	2	2	4	2	3	2	2	2
"3"	4	3	3	6	3	3	4	5	2	3	4	4	3	1	4	3	1	1	2	2
"4"	4	6	6	4	5	5	6	6	4	4	3	3	3	2	4	4	2	3	4	2
"5"	5	6	5	6	6	4	6	1	1	3	1	1	1	1	1	1	1	3	1	1
"6"	5	5	5	6	5	5	5	5	3	4	4	4	4	3	5	2	3	4	3	3
"7"	4	4	5	6	4	5	4	5	2	4	6	6	3	3	4	6	4	3	2	5
"8"	5	5	6	6	4	5	5	4	3	3	4	3	3	2	4	5	4	3	4	5
"9"	4	5	6	5	5	5	6	5	2	3	3	4	3	2	1	5	4	1	1	1
"10"	3	5	4	6	4	4	5	3	2	3	2	3	3	2	5	1	4	3	4	4
"11"	6	6	6	6	6	6	6	6	3	5	4	1	5	5	4	2	6	6	5	4
"12"	1	6	5	6	6	4	6	5	1	1	2	3	2	1	2	1	1	3	1	1
"13"	5	1	5	4	1	5	6	6	1	5	6	5	1	4	5	6	6	1	1	6
"14"	4	5	5	2	5	5	6	6	2	2	2	1	2	2	5	2	4	2	2	2
"15"	4	5	4	4	5	6	6	5	1	2	1	1	3	2	4	1	3	3	3	2
"16"	3	4	3	5	4	4	4	4	2	4	3	3	2	3	3	5	3	2	3	2
"17"	5	4	5	6	5	5	6	5	3	5	4	4	4	4	5	4	5	4	4	3
"18"	5	5	6	6	6	4	6	6	3	4	4	5	1	1	4	5	1	1	1	1
"19"	6	5	5	6	2	1	6	6	2	2	3	2	3	2	6	2	6	5	6	5
"20"	6	6	6	6	5	5	5	6	2	5	1	4	2	2	5	6	5	2	2	5
"21"	5	6	6	6	5	4	4	5	3	3	3	4	4	3	5	2	5	4	5	4
"22"	5	3	4	4	6	4	6	4	1	4	4	4	3	4	4	2	2	3	4	4
"23"	4	5	5	6	4	4	5	5	1	3	6	1	3	1	6	1	1	5	6	5
"24"	4	5	5	5	5	6	5	5	5	4	6	5	5	4	6	5	5	5	6	6
"25"	3	3	5	1	3	5	3	4	2	2	5	1	2	1	4	1	1	2	1	1
"26"	3	3	5	6	2	4	6	6	2	3	2	1	6	2	6	4	2	1	2	2
"27"	3	3	4	1	6	6	6	5	2	3	4	3	3	2	5	4	3	3	4	3
"28"	4	5	6	5	6	6	6	6	3	3	2	5	4	1	4	1	2	1	1	1
"29"	4	2	3	6	5	5	5	5	1	3	4	1	3	2	5	2	4	1	4	5
"30"	5	3	4	4	5	6	6	6	3	2	5	3	4	3	5	3	4	2	3	3
"31"	3	4	4	3	4	5	6	5	1	4	4	4	4	3	4	4	3	1	4	4
"32"	5	4	5	1	5	4	5	4	1	1	4	4	1	2	4	4	2	2	2	3
"33"	4	3	4	5	2	2	6	5	5	3	6	3	5	2	5	4	3	2	2	2
"34"	6	5	4	4	5	5	6	5	2	5	2	3	3	2	4	5	3	4	4	4
"35"	3	4	5	5	4	4	5	5	2	3	3	2	3	2	3	2	3	3	4	4
"36"	6	6	6	6	6	5	6	4	3	5	2	5	5	2	6	4	5	4	5	6
"37"	5	6	6	5	6	6	6	6	4	4	4	1	3	3	4	2	4	3	4	4
"38"	1	2	2	2	2	1	2	2	4	4	5	3	4	4	5	5	5	3	4	5
"39"	3	4	4	6	5	5	6	5	2	5	4	2	4	3	4	2	4	2	2	3
"40"	3	4	5	3	4	2	4	5	1	2	5	1	1	2	2	2	2	2	3	1
"41"	5	6	6	3	5	6	5	5	1	2	2	1	2	1	4	1	2	2	2	4
"42"	1	1	1	1	1	1	2	2	4	4	6	3	5	3	3	6	3	4	4	4
"43"	4	3	4	5	4	5	6	4	2	2	4	3	3	2	4	4	3	4	4	4
"44"	4	4	6	5	5	5	6	5	2	2	3	3	3	2	4	1	1	1	4	1
"45"	5	6	5	5	5	4	6	4	2	5	5	5	3	2	6	4	4	4	2	5
"46"	5	5	5	6	6	4	6	4	3	4	1	3	3	3	3	1	3	2	2	1
"47"	4	4	4	5	3	4	4	5	3	4	4	6	4	4	6	5	4	3	4	4
"48"	3	5	5	6	4	4	6	3	1	2	2	2	2	1	4	1	3	3	3	2
"49"	3	5	5	3	4	5	6	5	1	2	1	1	2	2	5	3	3	5	2	1
"50"	5	6	6	6	5	5	6	4	2	3	2	5	1	1	2	2	3	3	4	2
"51"	6	2	4	4	5	4	6	6	4	4	6	3	5	2	6	4	3	2	4	5
"52"	6	4	5	6	5	4	6	5	2	3	4	2	2	3	4	2	2	1	2	2
"53"	3	4	5	4	3	5	4	4	2	2	4	3	2	3	4	3	2	2	2	1
"54"	5	5	5	6	6	5	6	3	2	4	2	4	4	3	4	1	5	3	2	4
"55"	6	5	6	3	5	6	6	6	1	2	5	2	1	1	5	4	6	4	4	5
"56"	6	6	6	6	6	6	6	5	2	2	4	2	1	2	1	1	1	1	1	1
"57"	6	6	5	4	5	5	5	6	2	3	3	4	1	2	2	4	1	2	1	2
"58"	4	3	4	3	4	4	4	4	2	3	2	1	2	2	2	1	2	2	3	2
"59"	5	5	6	6	5	4	6	6	5	4	6	4	3	1	4	1	5	4	4	5
"60"	4	6	6	6	6	6	6	6	3	3	4	1	3	2	3	2	2	1	1	3
"61"	4	6	6	3	6	5	6	6	1	2	1	4	1	2	1	3	4	1	1	2
"62"	2	5	6	2	2	3	4	6	4	4	6	5	5	2	6	6	5	5	4	6
"63"	4	2	4	6	5	6	3	5	2	3	6	2	4	4	6	5	3	2	2	1
"64"	5	4	6	6	5	5	6	6	2	3	4	3	3	2	3	1	2	1	1	1
"65"	5	2	5	4	4	5	6	5	2	4	5	4	3	2	4	1	4	3	2	2
"66"	3	5	6	6	5	5	6	5	3	5	4	5	2	2	5	4	5	5	6	6
"67"	3	2	4	5	4	2	4	4	2	3	3	4	3	2	5	3	3	3	3	2
"68"	5	3	5	5	4	4	4	5	4	4	4	5	2	3	5	5	3	4	5	4
"69"	4	3	3	6	6	5	6	6	2	5	3	1	4	1	5	4	6	3	3	2
"70"	5	4	6	6	4	5	4	4	3	3	5	1	4	3	5	5	2	2	1	1
"71"	4	5	6	6	6	6	6	5	1	4	5	2	1	1	1	1	1	2	1	1
"72"	5	6	6	4	4	4	6	6	1	3	4	3	1	1	4	1	1	1	1	1
"73"	5	5	6	4	4	3	6	6	2	2	6	4	3	2	5	5	2	2	5	4
"74"	4	5	5	3	3	6	6	4	2	6	2	4	4	2	6	6	5	5	5	5
"75"	4	4	5	3	5	5	5	4	1	2	3	5	2	1	2	1	1	1	2	2
"76"	1	1	2	1	4	4	5	3	1	5	5	4	1	1	4	4	4	1	2	2
"77"	2	2	3	3	4	3	3	1	1	1	2	3	1	1	1	4	1	1	2	3
"78"	6	6	6	6	6	6	6	6	4	4	2	4	2	2	2	2	2	2	1	2
"79"	4	5	6	6	5	6	6	5	1	3	2	4	1	1	1	1	1	2	2	1
"80"	4	6	6	6	6	6	6	6	2	2	1	5	1	1	1	1	1	1	1	1
"81"	6	6	6	4	5	6	6	5	1	2	1	3	1	1	2	1	1	1	1	1
"82"	2	3	3	6	2	5	5	6	2	2	6	3	4	1	6	2	4	3	1	3
"83"	3	2	1	4	3	4	3	4	2	3	6	4	2	1	2	1	1	1	1	1
"84"	4	4	4	2	2	3	5	3	3	3	4	4	4	1	6	3	3	3	3	3
"85"	4	4	4	6	3	4	6	6	4	4	3	4	4	3	2	5	5	4	4	6
"86"	2	3	2	5	2	5	6	6	3	1	5	1	1	2	6	2	3	3	5	3
"87"	4	4	3	3	4	4	5	5	2	3	4	2	4	3	5	4	2	3	1	2
"88"	4	4	5	5	5	5	5	6	2	4	5	5	2	2	5	5	3	2	3	3
"89"	3	5	3	2	4	5	4	4	2	3	4	3	3	2	3	2	2	2	3	2
"90"	4	3	5	4	4	6	6	5	3	5	4	3	2	4	5	4	6	4	2	3
"91"	3	4	4	4	2	3	4	4	3	3	5	3	2	2	4	2	2	2	2	2
"92"	4	5	5	2	6	6	6	6	2	3	4	3	3	2	5	6	3	3	4	4
"93"	5	6	5	6	6	5	6	6	4	4	5	1	2	2	3	2	3	4	3	3
"94"	6	3	5	5	5	6	6	4	2	4	4	4	4	2	4	1	3	3	2	3
"95"	6	6	6	6	5	6	6	6	3	2	4	2	3	3	5	2	2	3	4	2
"96"	5	6	6	6	6	6	6	6	1	1	2	1	3	1	4	2	1	1	1	1
"97"	4	2	4	6	4	5	5	5	2	3	3	4	4	2	3	1	4	2	3	5
"98"	5	4	4	5	4	4	5	4	2	4	4	3	4	3	4	4	4	4	4	4
"99"	1	4	5	2	2	2	1	5	4	5	1	6	3	4	3	2	5	2	3	2
"100"	3	6	6	5	5	5	6	4	4	3	4	5	3	3	5	5	5	2	4	4
"101"	4	4	5	6	4	5	4	5	2	2	2	4	4	2	4	1	1	1	1	1
"102"	2	2	4	6	4	4	6	4	1	4	1	6	1	1	1	3	1	1	1	1
"103"	5	5	6	3	2	4	4	4	2	5	2	3	2	1	4	4	1	2	2	1
"104"	3	3	3	5	4	5	4	4	3	5	3	2	2	2	5	5	1	2	1	1
"105"	6	6	6	6	6	6	6	6	1	2	3	1	1	1	4	1	1	2	2	1
"106"	5	3	5	4	4	5	5	4	1	2	3	5	2	1	3	2	3	2	2	2
"107"	5	6	6	6	4	5	6	6	3	4	4	6	1	2	2	2	2	2	3	4
"108"	5	3	4	3	4	4	6	5	3	3	4	6	2	1	6	2	2	2	2	1
"109"	4	5	5	5	3	2	1	4	1	1	4	3	1	1	3	6	1	1	1	1
"110"	5	4	5	6	5	6	6	6	1	3	4	1	5	1	6	1	1	1	1	1
"111"	4	4	4	3	5	5	4	6	2	1	5	3	2	2	3	2	2	2	1	1
"112"	6	6	5	5	5	6	6	5	1	4	2	3	2	2	5	2	2	2	3	1
"113"	3	2	4	4	3	4	4	4	1	3	2	1	2	1	1	2	1	1	1	1
"114"	5	6	6	4	5	5	6	5	2	4	3	4	3	2	3	3	3	2	3	4
"115"	4	6	5	4	5	5	6	6	2	4	3	4	2	2	4	2	1	1	1	1
"116"	4	5	6	5	5	5	6	6	2	4	4	2	4	3	4	4	2	2	2	2
"117"	5	6	6	5	5	5	6	4	1	2	2	2	1	1	1	1	1	1	1	1
"118"	5	4	5	6	3	5	5	5	3	3	4	4	5	4	5	3	5	4	6	3
"119"	5	5	5	6	4	4	6	6	4	2	5	4	3	2	5	4	3	3	5	3
"120"	3	4	5	5	4	5	4	4	2	2	5	5	1	1	5	1	3	1	1	1
"121"	4	4	4	4	4	3	6	4	3	3	5	5	4	3	5	3	5	5	5	5
"122"	4	4	6	5	5	4	6	6	1	1	2	4	2	2	1	4	2	2	3	2
"123"	3	3	2	3	2	2	4	5	4	4	6	4	5	4	6	5	6	5	5	5
"124"	4	5	6	6	4	4	5	5	3	4	5	6	4	2	5	1	2	2	4	1
"125"	5	5	6	5	4	5	6	5	1	2	4	3	2	2	2	4	4	3	3	3
"126"	5	4	4	2	4	5	5	4	3	3	3	2	3	2	4	2	3	2	2	3
"127"	4	5	5	6	4	5	4	3	1	3	1	1	1	1	1	1	1	1	1	1
"128"	3	4	4	3	5	4	4	5	1	2	3	1	1	1	2	2	1	1	1	1
"129"	3	4	6	5	6	6	5	5	5	3	5	2	6	5	6	3	5	4	2	3
"130"	4	5	6	5	6	5	5	5	3	3	2	1	3	2	4	2	3	3	2	1
"131"	3	6	6	6	5	5	6	5	2	2	5	1	2	2	3	1	1	1	2	1
"132"	4	5	5	6	2	5	5	5	4	4	4	3	4	2	5	5	5	4	4	4
"133"	3	5	4	5	4	3	5	5	3	4	4	3	3	4	4	4	5	4	5	4
"134"	6	6	6	6	6	6	6	6	6	6	6	5	6	6	6	4	6	6	6	6
"135"	4	5	5	6	4	5	5	5	2	4	4	2	2	1	4	6	3	2	3	2
"136"	6	6	6	6	6	6	6	1	1	3	3	6	1	1	4	5	3	3	1	1
"137"	5	3	6	4	3	2	6	6	3	3	6	6	5	1	6	6	6	1	6	6
"138"	5	5	5	5	4	5	5	5	1	3	4	4	3	1	4	2	2	2	2	1
"139"	5	6	6	6	6	5	5	3	1	2	2	5	2	2	4	1	2	2	2	1
"140"	3	4	4	5	4	5	5	3	3	4	5	4	4	3	5	5	5	3	4	4
"141"	5	5	6	5	4	5	6	4	2	4	3	4	4	2	4	6	4	2	4	5
"142"	4	5	5	6	6	5	6	6	2	2	3	2	2	2	3	2	2	2	1	1
"143"	3	3	5	4	4	5	6	5	3	3	4	4	3	3	6	5	4	3	3	4
"144"	5	4	5	6	4	4	4	5	3	4	5	4	5	5	5	5	4	1	3	4
"145"	5	6	6	6	4	5	6	6	1	5	4	2	3	1	5	1	1	2	3	1
"146"	4	4	5	6	6	6	6	6	3	4	4	2	4	1	5	1	1	1	1	1
"147"	4	4	5	5	5	5	6	6	4	4	5	4	4	3	4	4	1	1	2	2
"148"	4	4	3	2	4	4	3	3	2	4	2	4	2	3	4	2	3	3	5	4
"149"	5	5	5	6	5	4	5	5	4	4	4	4	3	2	5	3	2	2	2	2
"150"	4	3	4	5	5	4	6	1	1	1	1	1	1	1	1	1	5	5	1	1
"151"	5	5	5	6	5	3	5	5	1	3	2	5	2	2	6	5	3	3	4	3
"152"	4	5	6	5	5	6	6	3	2	3	2	2	3	1	4	2	2	2	3	2
"153"	4	4	4	5	2	4	4	4	4	2	4	4	5	4	6	2	2	2	1	4
"154"	6	6	6	6	6	5	5	5	1	2	1	1	1	1	1	1	1	1	1	1
"155"	5	4	5	5	5	5	6	6	1	5	5	3	3	1	6	4	5	6	3	4
"156"	3	3	5	6	3	3	6	6	2	1	6	6	3	2	6	1	3	5	5	5
"157"	6	6	6	6	6	6	6	5	3	3	5	5	3	4	6	4	5	3	5	5
"158"	5	3	5	5	4	3	6	4	2	2	4	2	3	1	5	2	2	1	1	1
"159"	5	4	6	6	4	6	5	6	1	2	3	5	3	2	6	1	3	2	6	6
"160"	4	6	6	6	4	5	6	6	6	6	6	3	5	4	5	5	6	6	6	6
"161"	4	5	4	4	5	3	4	4	1	2	2	2	2	3	4	1	3	1	1	1
"162"	4	3	6	6	4	4	5	5	2	3	5	5	3	4	5	1	2	2	2	2
"163"	5	5	5	6	5	6	4	5	3	3	4	5	2	5	4	3	3	4	2	1
"164"	6	6	5	6	5	6	3	5	2	6	3	5	5	5	6	5	5	5	5	5
"165"	2	2	4	5	1	1	4	5	2	1	6	2	1	2	6	4	1	1	6	6
"166"	4	2	5	6	3	4	4	4	3	5	5	4	4	3	5	4	5	3	4	5
"167"	4	5	6	6	5	5	6	5	4	3	4	5	6	4	6	4	6	5	5	6
"168"	4	3	5	5	3	3	5	5	3	3	5	5	3	3	5	2	4	2	4	4
"169"	2	2	3	6	3	3	2	6	2	2	5	4	3	3	5	5	4	2	2	3
"170"	5	5	5	6	3	5	6	6	1	2	5	5	1	1	1	3	1	1	4	1
"171"	4	3	5	5	4	4	5	5	2	4	4	5	3	3	5	6	2	5	2	2
"172"	4	4	4	3	4	5	5	5	1	2	5	2	2	1	4	2	1	4	1	1
"173"	6	4	6	6	1	5	6	6	1	1	6	3	5	1	6	1	5	3	6	5
"174"	5	4	3	5	5	4	2	5	5	2	5	4	2	2	5	2	2	1	2	2
"175"	5	5	6	6	6	6	6	6	1	2	5	2	2	1	2	1	1	1	1	1
"176"	5	5	6	6	5	5	5	6	5	4	5	6	5	5	6	5	6	4	5	4
"177"	2	6	6	6	6	5	6	6	1	1	5	5	1	1	4	1	4	1	1	4
"178"	2	4	2	2	3	5	4	3	3	2	4	4	2	1	2	4	5	3	3	2
"179"	4	5	3	4	5	5	6	5	2	2	3	2	1	1	2	4	2	1	1	1
"180"	5	6	6	5	5	6	6	3	4	4	5	2	5	3	6	6	6	2	4	3
"181"	5	3	5	6	4	6	5	5	3	4	5	5	4	3	6	6	6	3	6	6
"182"	5	6	5	6	5	5	6	5	5	5	5	5	6	4	6	4	5	4	4	4
"183"	6	5	6	4	6	5	5	6	2	3	4	4	2	1	5	4	1	6	6	2
"184"	4	3	6	6	3	4	5	4	2	4	3	4	2	2	5	3	4	3	4	5
"185"	4	3	6	5	3	4	4	5	1	1	4	4	2	2	6	6	6	4	6	5
"186"	5	6	6	6	5	5	5	3	2	3	5	3	3	2	5	2	2	3	2	2
"187"	3	4	5	2	4	4	2	4	3	4	6	5	2	3	6	5	6	4	4	5
"188"	5	5	5	6	6	6	6	6	2	1	5	1	4	2	5	2	4	2	3	2
"189"	3	3	3	1	3	5	4	3	1	3	1	1	3	2	5	6	4	3	4	4
"190"	6	3	6	5	3	6	3	5	2	5	5	3	6	5	6	6	5	4	4	6
"191"	6	5	5	6	5	5	6	5	1	2	5	5	2	1	4	1	1	2	4	3
"192"	5	4	4	5	3	4	4	4	4	4	4	2	3	3	5	4	2	2	2	2
"193"	6	3	5	6	5	3	5	3	1	2	4	3	4	2	4	3	5	3	4	4
"194"	3	2	5	3	2	2	4	3	2	1	4	2	1	1	2	1	2	1	1	2
"195"	3	5	3	4	5	5	5	5	2	4	2	2	1	2	2	4	2	3	2	2
"196"	5	5	5	6	6	6	5	5	4	5	6	5	5	4	6	5	5	4	5	5
"197"	4	3	1	1	6	6	6	6	3	6	6	3	5	1	6	6	2	2	1	1
"198"	5	4	4	6	5	4	5	5	2	2	3	3	3	3	4	5	5	5	5	3
"199"	4	5	6	5	3	3	5	5	2	3	4	3	3	2	4	5	3	3	4	5
"200"	6	5	5	6	5	5	5	5	1	2	1	1	2	1	1	1	1	1	1	1
"201"	2	4	5	6	5	6	6	6	1	4	3	3	2	2	6	5	3	1	2	5
"202"	3	5	6	6	4	5	5	4	2	4	5	2	4	5	5	1	3	2	3	5
"203"	5	3	5	6	5	5	4	3	1	3	3	4	4	2	6	4	3	1	4	4
"204"	5	5	6	2	4	6	5	6	1	5	3	1	3	1	4	4	4	2	3	4
"205"	5	4	4	4	4	5	3	5	3	5	4	2	3	4	6	6	5	3	4	4
"206"	3	4	4	4	5	5	6	3	2	2	4	1	1	1	4	1	1	2	3	1
"207"	4	4	3	1	6	5	6	5	3	6	4	3	3	2	4	6	2	3	4	4
"208"	5	5	6	6	4	4	6	6	3	4	5	5	3	3	5	1	4	4	4	3
"209"	3	5	5	2	5	5	5	5	2	3	4	2	3	2	6	4	3	1	3	3
"210"	5	4	5	4	6	6	6	6	1	2	2	2	2	1	4	1	1	1	1	1
"211"	4	4	5	3	4	5	5	5	1	3	3	4	2	1	4	2	1	2	1	1
"212"	4	5	4	4	5	6	5	4	3	6	5	4	5	3	5	5	5	4	4	5
"213"	3	3	4	4	4	4	5	4	2	2	3	3	3	2	4	2	1	2	2	2
"214"	4	4	5	5	6	5	5	4	2	2	3	1	2	1	2	1	2	2	2	2
"215"	4	5	6	6	5	6	6	5	2	3	2	1	1	1	3	1	1	3	1	1
"216"	5	6	5	5	3	6	5	5	5	4	5	5	4	4	5	4	4	5	4	4
"217"	3	3	6	4	5	4	6	3	2	4	3	2	4	2	6	1	3	3	2	2
"218"	6	5	6	6	6	4	6	6	1	2	2	2	2	1	4	1	1	1	1	1
"219"	6	6	5	6	4	5	3	5	4	4	6	2	5	4	6	5	3	4	5	4
"220"	6	6	6	6	6	6	6	6	1	3	4	1	2	1	4	1	1	3	4	2
"221"	6	6	6	5	6	6	6	4	1	5	1	2	3	4	4	4	4	2	1	5
"222"	4	4	5	2	2	4	3	4	3	3	5	4	5	4	6	5	5	4	1	4
"223"	4	3	3	3	4	4	3	4	3	2	5	4	4	2	5	4	1	1	1	1
"224"	4	5	5	5	5	5	6	6	4	4	4	4	4	4	5	4	4	3	5	5
"225"	4	4	6	6	5	5	6	5	3	3	4	2	3	3	4	2	2	3	3	4
"226"	6	4	6	3	4	6	6	4	1	3	2	2	2	2	4	3	2	2	2	3
"227"	2	2	5	1	5	6	6	6	2	1	2	2	1	1	5	4	1	1	1	1
"228"	4	4	4	2	3	4	5	4	1	3	2	1	2	1	3	2	3	4	3	3
"229"	6	6	6	5	3	5	5	4	2	4	4	4	3	2	4	5	3	3	4	3
"230"	3	3	4	2	3	3	4	4	3	3	3	4	4	3	4	4	6	6	6	6
"231"	3	3	6	6	5	5	6	5	1	3	1	2	3	1	4	1	1	1	1	1
"232"	6	6	6	6	6	6	6	5	2	2	2	2	2	1	2	1	1	2	2	1
"233"	1	2	2	1	2	3	2	6	3	2	5	4	2	5	4	6	4	4	5	5
"234"	3	3	4	4	2	4	5	4	3	4	4	4	3	2	3	4	4	2	2	3
"235"	4	2	4	6	3	3	5	6	1	2	2	5	1	1	1	4	1	1	1	1
"236"	6	5	5	5	5	6	5	5	4	3	5	5	3	4	4	6	4	3	3	4
"237"	6	5	6	6	6	5	6	5	6	4	6	6	5	3	6	1	4	6	6	5
"238"	5	5	5	6	5	5	6	5	4	4	5	4	3	3	4	3	4	2	3	4
"239"	5	6	5	3	5	6	6	5	3	3	1	1	3	1	2	2	2	1	1	1
"240"	5	5	5	6	5	4	6	5	1	3	4	4	2	1	4	5	2	2	2	3
"241"	5	4	5	6	4	5	5	3	1	1	3	2	1	1	2	3	2	2	1	1
"242"	6	6	6	6	6	6	6	6	6	6	6	6	6	1	6	1	6	6	6	6
"243"	6	5	6	5	5	5	6	6	3	4	5	5	4	3	6	1	2	4	4	2
"244"	4	5	5	2	4	5	4	5	1	2	2	5	1	2	2	5	1	2	2	2
"245"	5	6	6	6	6	6	6	6	2	2	5	4	1	1	4	1	1	2	1	1
"246"	5	6	6	6	5	6	6	6	3	3	5	4	4	3	5	5	5	2	1	2
"247"	3	3	4	2	4	4	5	4	2	1	4	2	2	1	4	4	3	3	2	4
"248"	5	5	6	6	5	5	6	5	2	4	4	5	3	1	4	4	2	2	2	1
"249"	5	4	4	6	5	5	5	5	2	4	4	3	4	4	5	3	5	3	2	2
"250"	4	6	6	4	4	5	5	4	1	3	1	1	1	2	5	6	1	1	1	1
"251"	4	4	6	6	5	3	5	5	4	5	3	2	4	6	6	1	6	3	5	5
"252"	5	5	5	6	5	5	6	5	3	4	5	3	5	3	6	5	3	3	4	5
"253"	5	4	4	4	5	5	5	5	3	4	5	2	3	3	4	2	3	4	4	3
"254"	5	4	6	6	4	5	6	6	2	5	4	5	3	1	5	1	2	1	2	3
"255"	5	4	3	4	3	3	5	4	1	2	3	2	2	2	4	1	2	3	5	1
"256"	5	6	5	5	6	6	6	5	3	4	4	4	2	1	2	1	2	2	2	2
"257"	6	6	6	6	6	6	6	5	2	4	2	2	2	2	3	5	2	2	4	2
"258"	5	6	5	6	5	3	6	5	6	4	6	6	6	4	6	2	5	5	4	3
"259"	6	6	5	6	5	6	6	6	3	4	2	1	5	4	6	3	5	4	3	4
"260"	4	4	4	5	5	5	6	3	2	2	3	3	2	1	4	2	1	1	2	2
"261"	5	1	6	6	5	5	3	2	1	1	5	1	1	1	5	1	1	1	1	1
"262"	6	6	6	6	6	6	6	4	2	2	1	1	2	2	2	1	2	3	2	1
"263"	5	3	5	5	4	5	5	2	2	3	3	3	4	3	5	1	4	4	5	4
"264"	2	3	4	2	5	4	6	4	2	2	4	5	3	1	5	2	3	3	2	3
"265"	5	5	5	3	6	5	5	4	2	4	5	4	2	2	4	1	4	3	3	3
"266"	6	6	4	4	6	6	6	1	1	1	1	1	1	1	1	1	1	1	1	1
"267"	3	3	3	6	5	5	6	5	2	2	4	3	6	2	6	4	5	5	4	2
"268"	4	4	4	4	5	4	4	4	3	2	2	2	2	2	2	2	2	2	2	2
"269"	4	6	6	5	4	5	4	5	2	3	4	3	1	1	4	1	2	2	1	2
"270"	5	5	6	3	6	6	6	6	1	4	2	4	3	1	4	1	1	1	1	1
"271"	6	6	6	6	6	6	6	5	3	4	5	5	1	1	2	1	1	1	3	4
"272"	3	3	4	5	3	3	5	5	2	3	5	4	3	2	5	4	3	3	4	4
"273"	3	5	5	2	4	5	5	5	3	4	5	5	4	3	5	5	5	3	4	5
"274"	4	3	3	6	6	6	6	5	1	2	4	3	2	1	4	4	1	1	1	1
"275"	3	4	5	4	5	6	6	6	2	3	3	2	2	4	4	3	5	3	4	2
"276"	4	5	5	3	5	6	4	4	3	4	3	5	1	2	5	3	2	2	1	1
"277"	5	3	4	5	3	4	4	5	4	3	5	5	4	4	5	4	5	4	5	6
"278"	4	3	5	5	5	4	6	4	1	3	3	2	1	1	3	2	2	1	1	1
"279"	3	2	5	4	3	5	6	5	2	3	2	2	3	2	5	3	4	3	3	4
"280"	5	5	6	6	4	5	4	5	2	3	6	4	3	2	5	3	4	4	4	3
"281"	6	6	6	6	4	3	4	4	1	1	1	1	1	1	1	1	1	1	1	1
"282"	5	2	4	6	5	3	4	5	1	4	2	2	1	1	4	1	2	1	1	2
"283"	5	5	6	5	6	6	6	6	4	5	6	5	2	4	6	2	5	3	1	5
"284"	4	4	6	6	2	2	6	5	3	2	4	2	3	2	6	5	5	2	6	6
"285"	4	5	3	5	1	4	5	4	1	5	5	4	1	2	1	2	1	5	2	1
"286"	4	5	6	6	5	5	6	5	3	2	4	4	2	2	5	4	2	2	2	1
"287"	4	5	6	6	6	5	6	6	3	3	4	5	3	1	6	2	3	3	4	4
"288"	5	5	5	5	6	6	6	6	2	4	4	2	4	2	5	4	3	3	3	3
"289"	4	3	5	5	5	5	6	5	1	4	3	5	2	1	5	2	2	2	2	2
"290"	6	4	5	6	4	5	6	5	3	3	4	4	3	2	5	2	1	1	1	1
"291"	6	6	6	6	5	5	6	6	4	3	6	5	5	4	5	2	4	3	5	4
"292"	5	4	5	5	6	5	5	6	1	2	1	2	6	2	6	3	1	1	1	2
"293"	5	5	5	5	4	5	6	5	2	4	3	4	2	2	5	2	2	2	2	2
"294"	5	3	5	5	5	6	5	4	2	4	2	3	3	2	4	2	2	2	1	2
"295"	4	3	5	5	3	3	4	4	2	2	4	3	2	2	4	3	3	2	3	3
"296"	3	4	5	6	5	5	5	5	3	3	4	6	3	4	5	4	3	1	2	2
"297"	5	4	4	6	4	3	5	5	2	2	4	3	3	1	5	1	4	3	4	4
"298"	5	2	5	4	4	6	6	4	2	5	4	3	4	2	5	1	3	2	2	2
"299"	5	5	5	5	6	4	6	6	3	3	3	4	4	5	4	1	2	6	2	4
"300"	5	5	4	3	5	4	4	4	5	6	3	2	3	6	5	4	5	4	5	5
"301"	5	2	4	4	6	4	6	4	1	5	4	3	1	3	5	3	5	2	3	4
"302"	5	5	6	6	6	6	6	4	4	4	5	6	2	2	4	1	3	2	2	2
"303"	4	1	2	5	6	5	6	5	1	2	3	2	1	1	1	1	1	1	1	1
"304"	3	4	4	2	5	5	6	6	4	4	5	6	2	1	4	4	2	2	5	2
"305"	3	3	3	3	4	3	3	3	4	3	3	3	3	3	3	4	4	3	4	3
"306"	5	5	5	6	5	5	6	5	2	4	6	5	2	4	5	4	4	2	6	2
"307"	3	2	3	5	2	4	5	3	3	4	4	4	2	3	5	3	5	2	2	4
